{
  "pose_name": "home",
  "camera_intrinsics": {
    "fx": 385.4389953613281,
    "fy": 384.87786865234375,
    "ppx": 316.2204895019531,
    "ppy": 240.33718872070312,
    "width": 640,
    "height": 480
  },
  "openings_m": [
    0.042,
    0.041,
    0.04,
    0.039,
    0.038,
    0.037000000000000005,
    0.036000000000000004,
    0.035,
    0.034,
    0.033,
    0.032,
    0.031,
    0.03,
    0.028999999999999998,
    0.027999999999999997,
    0.027,
    0.026
  ],
  "openings_mm": [
    42.0,
    41.0,
    40.0,
    39.0,
    38.0,
    37.00000000000001,
    36.00000000000001,
    35.0,
    34.0,
    33.0,
    32.0,
    31.0,
    30.0,
    28.999999999999996,
    27.999999999999996,
    27.0,
    26.0
  ],
  "num_openings": 17,
  "repeats_per_opening": 3,
  "num_samples": 51,
  "data": [
    {
      "sample_index": 0,
      "opening_index": 0,
      "repeat": 0,
      "target_opening_m": 0.042,
      "actual_opening_m": 0.039988983422517776,
      "actual_opening_mm": 39.98898342251778,
      "rgb_file": "opening_00_39mm_rep_00_rgb.png",
      "depth_file": "opening_00_39mm_rep_00_depth.npy",
      "robot_cartesian": [
        0.2534059080047777,
        0.010521856761479704,
        0.16267854582618904,
        -0.10284028799539417,
        0.0003201061560395863,
        0.04205278423465244
      ],
      "T_base_to_ee": [
        [
          0.9991166397283986,
          -0.04198275935332344,
          -0.0018406887065248803,
          0.2534059080047777
        ],
        [
          0.04194987339544704,
          0.9938340662003498,
          0.10263555417975216,
          0.010521856761479704
        ],
        [
          -0.002479584630408843,
          -0.10262210666693512,
          0.9947173241093676,
          0.16267854582618904
        ],
        [
          0.0,
          0.0,
          0.0,
          1.0
        ]
      ],
      "timestamp": "2026-01-23T16:13:57.597740"
    },
    {
      "sample_index": 1,
      "opening_index": 0,
      "repeat": 1,
      "target_opening_m": 0.042,
      "actual_opening_m": 0.039988983422517776,
      "actual_opening_mm": 39.98898342251778,
      "rgb_file": "opening_00_39mm_rep_01_rgb.png",
      "depth_file": "opening_00_39mm_rep_01_depth.npy",
      "robot_cartesian": [
        0.2534059080047777,
        0.010521856761479704,
        0.16267854582618904,
        -0.10284028799539417,
        0.0003201061560395863,
        0.04205278423465244
      ],
      "T_base_to_ee": [
        [
          0.9991166397283986,
          -0.04198275935332344,
          -0.0018406887065248803,
          0.2534059080047777
        ],
        [
          0.04194987339544704,
          0.9938340662003498,
          0.10263555417975216,
          0.010521856761479704
        ],
        [
          -0.002479584630408843,
          -0.10262210666693512,
          0.9947173241093676,
          0.16267854582618904
        ],
        [
          0.0,
          0.0,
          0.0,
          1.0
        ]
      ],
      "timestamp": "2026-01-23T16:13:58.129447"
    },
    {
      "sample_index": 2,
      "opening_index": 0,
      "repeat": 2,
      "target_opening_m": 0.042,
      "actual_opening_m": 0.039988983422517776,
      "actual_opening_mm": 39.98898342251778,
      "rgb_file": "opening_00_39mm_rep_02_rgb.png",
      "depth_file": "opening_00_39mm_rep_02_depth.npy",
      "robot_cartesian": [
        0.2534059080047777,
        0.010521856761479704,
        0.16267854582618904,
        -0.10284028799539417,
        0.0003201061560395863,
        0.04205278423465244
      ],
      "T_base_to_ee": [
        [
          0.9991166397283986,
          -0.04198275935332344,
          -0.0018406887065248803,
          0.2534059080047777
        ],
        [
          0.04194987339544704,
          0.9938340662003498,
          0.10263555417975216,
          0.010521856761479704
        ],
        [
          -0.002479584630408843,
          -0.10262210666693512,
          0.9947173241093676,
          0.16267854582618904
        ],
        [
          0.0,
          0.0,
          0.0,
          1.0
        ]
      ],
      "timestamp": "2026-01-23T16:13:58.647391"
    },
    {
      "sample_index": 3,
      "opening_index": 1,
      "repeat": 0,
      "target_opening_m": 0.041,
      "actual_opening_m": 0.039988983422517776,
      "actual_opening_mm": 39.98898342251778,
      "rgb_file": "opening_01_39mm_rep_00_rgb.png",
      "depth_file": "opening_01_39mm_rep_00_depth.npy",
      "robot_cartesian": [
        0.2534059080047777,
        0.010521856761479704,
        0.16267854582618904,
        -0.10284028799539417,
        0.0003201061560395863,
        0.04205278423465244
      ],
      "T_base_to_ee": [
        [
          0.9991166397283986,
          -0.04198275935332344,
          -0.0018406887065248803,
          0.2534059080047777
        ],
        [
          0.04194987339544704,
          0.9938340662003498,
          0.10263555417975216,
          0.010521856761479704
        ],
        [
          -0.002479584630408843,
          -0.10262210666693512,
          0.9947173241093676,
          0.16267854582618904
        ],
        [
          0.0,
          0.0,
          0.0,
          1.0
        ]
      ],
      "timestamp": "2026-01-23T16:14:02.682186"
    },
    {
      "sample_index": 4,
      "opening_index": 1,
      "repeat": 1,
      "target_opening_m": 0.041,
      "actual_opening_m": 0.039988983422517776,
      "actual_opening_mm": 39.98898342251778,
      "rgb_file": "opening_01_39mm_rep_01_rgb.png",
      "depth_file": "opening_01_39mm_rep_01_depth.npy",
      "robot_cartesian": [
        0.2534059080047777,
        0.010521856761479704,
        0.16267854582618904,
        -0.10284028799539417,
        0.0003201061560395863,
        0.04205278423465244
      ],
      "T_base_to_ee": [
        [
          0.9991166397283986,
          -0.04198275935332344,
          -0.0018406887065248803,
          0.2534059080047777
        ],
        [
          0.04194987339544704,
          0.9938340662003498,
          0.10263555417975216,
          0.010521856761479704
        ],
        [
          -0.002479584630408843,
          -0.10262210666693512,
          0.9947173241093676,
          0.16267854582618904
        ],
        [
          0.0,
          0.0,
          0.0,
          1.0
        ]
      ],
      "timestamp": "2026-01-23T16:14:03.227896"
    },
    {
      "sample_index": 5,
      "opening_index": 1,
      "repeat": 2,
      "target_opening_m": 0.041,
      "actual_opening_m": 0.039988983422517776,
      "actual_opening_mm": 39.98898342251778,
      "rgb_file": "opening_01_39mm_rep_02_rgb.png",
      "depth_file": "opening_01_39mm_rep_02_depth.npy",
      "robot_cartesian": [
        0.2534059080047777,
        0.010521856761479704,
        0.16267854582618904,
        -0.10284028799539417,
        0.0003201061560395863,
        0.04205278423465244
      ],
      "T_base_to_ee": [
        [
          0.9991166397283986,
          -0.04198275935332344,
          -0.0018406887065248803,
          0.2534059080047777
        ],
        [
          0.04194987339544704,
          0.9938340662003498,
          0.10263555417975216,
          0.010521856761479704
        ],
        [
          -0.002479584630408843,
          -0.10262210666693512,
          0.9947173241093676,
          0.16267854582618904
        ],
        [
          0.0,
          0.0,
          0.0,
          1.0
        ]
      ],
      "timestamp": "2026-01-23T16:14:03.752705"
    },
    {
      "sample_index": 6,
      "opening_index": 2,
      "repeat": 0,
      "target_opening_m": 0.04,
      "actual_opening_m": 0.03999899700284004,
      "actual_opening_mm": 39.99899700284004,
      "rgb_file": "opening_02_39mm_rep_00_rgb.png",
      "depth_file": "opening_02_39mm_rep_00_depth.npy",
      "robot_cartesian": [
        0.2534059080047777,
        0.010521856761479704,
        0.16267854582618904,
        -0.10284028799539417,
        0.0003201061560395863,
        0.04205278423465244
      ],
      "T_base_to_ee": [
        [
          0.9991166397283986,
          -0.04198275935332344,
          -0.0018406887065248803,
          0.2534059080047777
        ],
        [
          0.04194987339544704,
          0.9938340662003498,
          0.10263555417975216,
          0.010521856761479704
        ],
        [
          -0.002479584630408843,
          -0.10262210666693512,
          0.9947173241093676,
          0.16267854582618904
        ],
        [
          0.0,
          0.0,
          0.0,
          1.0
        ]
      ],
      "timestamp": "2026-01-23T16:14:07.808278"
    },
    {
      "sample_index": 7,
      "opening_index": 2,
      "repeat": 1,
      "target_opening_m": 0.04,
      "actual_opening_m": 0.03999899700284004,
      "actual_opening_mm": 39.99899700284004,
      "rgb_file": "opening_02_39mm_rep_01_rgb.png",
      "depth_file": "opening_02_39mm_rep_01_depth.npy",
      "robot_cartesian": [
        0.2534059080047777,
        0.010521856761479704,
        0.16267854582618904,
        -0.10284028799539417,
        0.0003201061560395863,
        0.04205278423465244
      ],
      "T_base_to_ee": [
        [
          0.9991166397283986,
          -0.04198275935332344,
          -0.0018406887065248803,
          0.2534059080047777
        ],
        [
          0.04194987339544704,
          0.9938340662003498,
          0.10263555417975216,
          0.010521856761479704
        ],
        [
          -0.002479584630408843,
          -0.10262210666693512,
          0.9947173241093676,
          0.16267854582618904
        ],
        [
          0.0,
          0.0,
          0.0,
          1.0
        ]
      ],
      "timestamp": "2026-01-23T16:14:08.344865"
    },
    {
      "sample_index": 8,
      "opening_index": 2,
      "repeat": 2,
      "target_opening_m": 0.04,
      "actual_opening_m": 0.03999899700284004,
      "actual_opening_mm": 39.99899700284004,
      "rgb_file": "opening_02_39mm_rep_02_rgb.png",
      "depth_file": "opening_02_39mm_rep_02_depth.npy",
      "robot_cartesian": [
        0.2534059080047777,
        0.010521856761479704,
        0.16267854582618904,
        -0.10284028799539417,
        0.0003201061560395863,
        0.04205278423465244
      ],
      "T_base_to_ee": [
        [
          0.9991166397283986,
          -0.04198275935332344,
          -0.0018406887065248803,
          0.2534059080047777
        ],
        [
          0.04194987339544704,
          0.9938340662003498,
          0.10263555417975216,
          0.010521856761479704
        ],
        [
          -0.002479584630408843,
          -0.10262210666693512,
          0.9947173241093676,
          0.16267854582618904
        ],
        [
          0.0,
          0.0,
          0.0,
          1.0
        ]
      ],
      "timestamp": "2026-01-23T16:14:08.887489"
    },
    {
      "sample_index": 9,
      "opening_index": 3,
      "repeat": 0,
      "target_opening_m": 0.039,
      "actual_opening_m": 0.03899762034416199,
      "actual_opening_mm": 38.99762034416199,
      "rgb_file": "opening_03_38mm_rep_00_rgb.png",
      "depth_file": "opening_03_38mm_rep_00_depth.npy",
      "robot_cartesian": [
        0.2534059080047777,
        0.010521856761479704,
        0.16267854582618904,
        -0.10245886705104422,
        0.0003281261679137799,
        0.04205258515846969
      ],
      "T_base_to_ee": [
        [
          0.9991166397283986,
          -0.04198345847927111,
          -0.001824673108453575,
          0.2534059080047777
        ],
        [
          0.041949873395447035,
          0.9938731470071139,
          0.10225642170681369,
          0.010521856761479704
        ],
        [
          -0.0024795846304088405,
          -0.10224263725224948,
          0.9947563997219447,
          0.16267854582618904
        ],
        [
          0.0,
          0.0,
          0.0,
          1.0
        ]
      ],
      "timestamp": "2026-01-23T16:14:12.946295"
    },
    {
      "sample_index": 10,
      "opening_index": 3,
      "repeat": 1,
      "target_opening_m": 0.039,
      "actual_opening_m": 0.03899762034416199,
      "actual_opening_mm": 38.99762034416199,
      "rgb_file": "opening_03_38mm_rep_01_rgb.png",
      "depth_file": "opening_03_38mm_rep_01_depth.npy",
      "robot_cartesian": [
        0.2534059080047777,
        0.010521856761479704,
        0.16267854582618904,
        -0.10245886705104422,
        0.0003281261679137799,
        0.04205258515846969
      ],
      "T_base_to_ee": [
        [
          0.9991166397283986,
          -0.04198345847927111,
          -0.001824673108453575,
          0.2534059080047777
        ],
        [
          0.041949873395447035,
          0.9938731470071139,
          0.10225642170681369,
          0.010521856761479704
        ],
        [
          -0.0024795846304088405,
          -0.10224263725224948,
          0.9947563997219447,
          0.16267854582618904
        ],
        [
          0.0,
          0.0,
          0.0,
          1.0
        ]
      ],
      "timestamp": "2026-01-23T16:14:13.483805"
    },
    {
      "sample_index": 11,
      "opening_index": 3,
      "repeat": 2,
      "target_opening_m": 0.039,
      "actual_opening_m": 0.03899762034416199,
      "actual_opening_mm": 38.99762034416199,
      "rgb_file": "opening_03_38mm_rep_02_rgb.png",
      "depth_file": "opening_03_38mm_rep_02_depth.npy",
      "robot_cartesian": [
        0.2534059080047777,
        0.010521856761479704,
        0.16267854582618904,
        -0.10245886705104422,
        0.0003281261679137799,
        0.04205258515846969
      ],
      "T_base_to_ee": [
        [
          0.9991166397283986,
          -0.04198345847927111,
          -0.001824673108453575,
          0.2534059080047777
        ],
        [
          0.041949873395447035,
          0.9938731470071139,
          0.10225642170681369,
          0.010521856761479704
        ],
        [
          -0.0024795846304088405,
          -0.10224263725224948,
          0.9947563997219447,
          0.16267854582618904
        ],
        [
          0.0,
          0.0,
          0.0,
          1.0
        ]
      ],
      "timestamp": "2026-01-23T16:14:13.999255"
    },
    {
      "sample_index": 12,
      "opening_index": 4,
      "repeat": 0,
      "target_opening_m": 0.038,
      "actual_opening_m": 0.03800960257649422,
      "actual_opening_mm": 38.00960257649422,
      "rgb_file": "opening_04_38mm_rep_00_rgb.png",
      "depth_file": "opening_04_38mm_rep_00_depth.npy",
      "robot_cartesian": [
        0.2534059080047777,
        0.010521856761479704,
        0.16267854582618904,
        -0.10284028799539417,
        0.0003201061560395863,
        0.04205278423465244
      ],
      "T_base_to_ee": [
        [
          0.9991166397283986,
          -0.04198275935332344,
          -0.0018406887065248803,
          0.2534059080047777
        ],
        [
          0.04194987339544704,
          0.9938340662003498,
          0.10263555417975216,
          0.010521856761479704
        ],
        [
          -0.002479584630408843,
          -0.10262210666693512,
          0.9947173241093676,
          0.16267854582618904
        ],
        [
          0.0,
          0.0,
          0.0,
          1.0
        ]
      ],
      "timestamp": "2026-01-23T16:14:18.038964"
    },
    {
      "sample_index": 13,
      "opening_index": 4,
      "repeat": 1,
      "target_opening_m": 0.038,
      "actual_opening_m": 0.03800960257649422,
      "actual_opening_mm": 38.00960257649422,
      "rgb_file": "opening_04_38mm_rep_01_rgb.png",
      "depth_file": "opening_04_38mm_rep_01_depth.npy",
      "robot_cartesian": [
        0.2534059080047777,
        0.010521856761479704,
        0.16267854582618904,
        -0.10284028799539417,
        0.0003201061560395863,
        0.04205278423465244
      ],
      "T_base_to_ee": [
        [
          0.9991166397283986,
          -0.04198275935332344,
          -0.0018406887065248803,
          0.2534059080047777
        ],
        [
          0.04194987339544704,
          0.9938340662003498,
          0.10263555417975216,
          0.010521856761479704
        ],
        [
          -0.002479584630408843,
          -0.10262210666693512,
          0.9947173241093676,
          0.16267854582618904
        ],
        [
          0.0,
          0.0,
          0.0,
          1.0
        ]
      ],
      "timestamp": "2026-01-23T16:14:18.579580"
    },
    {
      "sample_index": 14,
      "opening_index": 4,
      "repeat": 2,
      "target_opening_m": 0.038,
      "actual_opening_m": 0.03800960257649422,
      "actual_opening_mm": 38.00960257649422,
      "rgb_file": "opening_04_38mm_rep_02_rgb.png",
      "depth_file": "opening_04_38mm_rep_02_depth.npy",
      "robot_cartesian": [
        0.2534059080047777,
        0.010521856761479704,
        0.16267854582618904,
        -0.10284028799539417,
        0.0003201061560395863,
        0.04205278423465244
      ],
      "T_base_to_ee": [
        [
          0.9991166397283986,
          -0.04198275935332344,
          -0.0018406887065248803,
          0.2534059080047777
        ],
        [
          0.04194987339544704,
          0.9938340662003498,
          0.10263555417975216,
          0.010521856761479704
        ],
        [
          -0.002479584630408843,
          -0.10262210666693512,
          0.9947173241093676,
          0.16267854582618904
        ],
        [
          0.0,
          0.0,
          0.0,
          1.0
        ]
      ],
      "timestamp": "2026-01-23T16:14:19.108267"
    },
    {
      "sample_index": 15,
      "opening_index": 5,
      "repeat": 0,
      "target_opening_m": 0.037000000000000005,
      "actual_opening_m": 0.036998212337493896,
      "actual_opening_mm": 36.9982123374939,
      "rgb_file": "opening_05_36mm_rep_00_rgb.png",
      "depth_file": "opening_05_36mm_rep_00_depth.npy",
      "robot_cartesian": [
        0.2534059080047777,
        0.010521856761479704,
        0.16267854582618904,
        -0.10284028799539417,
        0.0003201061560395863,
        0.04205278423465244
      ],
      "T_base_to_ee": [
        [
          0.9991166397283986,
          -0.04198275935332344,
          -0.0018406887065248803,
          0.2534059080047777
        ],
        [
          0.04194987339544704,
          0.9938340662003498,
          0.10263555417975216,
          0.010521856761479704
        ],
        [
          -0.002479584630408843,
          -0.10262210666693512,
          0.9947173241093676,
          0.16267854582618904
        ],
        [
          0.0,
          0.0,
          0.0,
          1.0
        ]
      ],
      "timestamp": "2026-01-23T16:14:23.166956"
    },
    {
      "sample_index": 16,
      "opening_index": 5,
      "repeat": 1,
      "target_opening_m": 0.037000000000000005,
      "actual_opening_m": 0.036998212337493896,
      "actual_opening_mm": 36.9982123374939,
      "rgb_file": "opening_05_36mm_rep_01_rgb.png",
      "depth_file": "opening_05_36mm_rep_01_depth.npy",
      "robot_cartesian": [
        0.2534059080047777,
        0.010521856761479704,
        0.16267854582618904,
        -0.10284028799539417,
        0.0003201061560395863,
        0.04205278423465244
      ],
      "T_base_to_ee": [
        [
          0.9991166397283986,
          -0.04198275935332344,
          -0.0018406887065248803,
          0.2534059080047777
        ],
        [
          0.04194987339544704,
          0.9938340662003498,
          0.10263555417975216,
          0.010521856761479704
        ],
        [
          -0.002479584630408843,
          -0.10262210666693512,
          0.9947173241093676,
          0.16267854582618904
        ],
        [
          0.0,
          0.0,
          0.0,
          1.0
        ]
      ],
      "timestamp": "2026-01-23T16:14:23.705005"
    },
    {
      "sample_index": 17,
      "opening_index": 5,
      "repeat": 2,
      "target_opening_m": 0.037000000000000005,
      "actual_opening_m": 0.036998212337493896,
      "actual_opening_mm": 36.9982123374939,
      "rgb_file": "opening_05_36mm_rep_02_rgb.png",
      "depth_file": "opening_05_36mm_rep_02_depth.npy",
      "robot_cartesian": [
        0.2534059080047777,
        0.010521856761479704,
        0.16267854582618904,
        -0.10284028799539417,
        0.0003201061560395863,
        0.04205278423465244
      ],
      "T_base_to_ee": [
        [
          0.9991166397283986,
          -0.04198275935332344,
          -0.0018406887065248803,
          0.2534059080047777
        ],
        [
          0.04194987339544704,
          0.9938340662003498,
          0.10263555417975216,
          0.010521856761479704
        ],
        [
          -0.002479584630408843,
          -0.10262210666693512,
          0.9947173241093676,
          0.16267854582618904
        ],
        [
          0.0,
          0.0,
          0.0,
          1.0
        ]
      ],
      "timestamp": "2026-01-23T16:14:24.233629"
    },
    {
      "sample_index": 18,
      "opening_index": 6,
      "repeat": 0,
      "target_opening_m": 0.036000000000000004,
      "actual_opening_m": 0.035990163683891296,
      "actual_opening_mm": 35.990163683891296,
      "rgb_file": "opening_06_35mm_rep_00_rgb.png",
      "depth_file": "opening_06_35mm_rep_00_depth.npy",
      "robot_cartesian": [
        0.2534059080047777,
        0.010521856761479704,
        0.16267854582618904,
        -0.10284028799539417,
        0.0003201061560395863,
        0.04205278423465244
      ],
      "T_base_to_ee": [
        [
          0.9991166397283986,
          -0.04198275935332344,
          -0.0018406887065248803,
          0.2534059080047777
        ],
        [
          0.04194987339544704,
          0.9938340662003498,
          0.10263555417975216,
          0.010521856761479704
        ],
        [
          -0.002479584630408843,
          -0.10262210666693512,
          0.9947173241093676,
          0.16267854582618904
        ],
        [
          0.0,
          0.0,
          0.0,
          1.0
        ]
      ],
      "timestamp": "2026-01-23T16:14:28.282812"
    },
    {
      "sample_index": 19,
      "opening_index": 6,
      "repeat": 1,
      "target_opening_m": 0.036000000000000004,
      "actual_opening_m": 0.035990163683891296,
      "actual_opening_mm": 35.990163683891296,
      "rgb_file": "opening_06_35mm_rep_01_rgb.png",
      "depth_file": "opening_06_35mm_rep_01_depth.npy",
      "robot_cartesian": [
        0.2534059080047777,
        0.010521856761479704,
        0.16267854582618904,
        -0.10284028799539417,
        0.0003201061560395863,
        0.04205278423465244
      ],
      "T_base_to_ee": [
        [
          0.9991166397283986,
          -0.04198275935332344,
          -0.0018406887065248803,
          0.2534059080047777
        ],
        [
          0.04194987339544704,
          0.9938340662003498,
          0.10263555417975216,
          0.010521856761479704
        ],
        [
          -0.002479584630408843,
          -0.10262210666693512,
          0.9947173241093676,
          0.16267854582618904
        ],
        [
          0.0,
          0.0,
          0.0,
          1.0
        ]
      ],
      "timestamp": "2026-01-23T16:14:28.818464"
    },
    {
      "sample_index": 20,
      "opening_index": 6,
      "repeat": 2,
      "target_opening_m": 0.036000000000000004,
      "actual_opening_m": 0.035990163683891296,
      "actual_opening_mm": 35.990163683891296,
      "rgb_file": "opening_06_35mm_rep_02_rgb.png",
      "depth_file": "opening_06_35mm_rep_02_depth.npy",
      "robot_cartesian": [
        0.2534059080047777,
        0.010521856761479704,
        0.16267854582618904,
        -0.10284028799539417,
        0.0003201061560395863,
        0.04205278423465244
      ],
      "T_base_to_ee": [
        [
          0.9991166397283986,
          -0.04198275935332344,
          -0.0018406887065248803,
          0.2534059080047777
        ],
        [
          0.04194987339544704,
          0.9938340662003498,
          0.10263555417975216,
          0.010521856761479704
        ],
        [
          -0.002479584630408843,
          -0.10262210666693512,
          0.9947173241093676,
          0.16267854582618904
        ],
        [
          0.0,
          0.0,
          0.0,
          1.0
        ]
      ],
      "timestamp": "2026-01-23T16:14:29.355571"
    },
    {
      "sample_index": 21,
      "opening_index": 7,
      "repeat": 0,
      "target_opening_m": 0.035,
      "actual_opening_m": 0.034998804330825806,
      "actual_opening_mm": 34.998804330825806,
      "rgb_file": "opening_07_34mm_rep_00_rgb.png",
      "depth_file": "opening_07_34mm_rep_00_depth.npy",
      "robot_cartesian": [
        0.2534059080047777,
        0.010521856761479704,
        0.16267854582618904,
        -0.10245886705104422,
        0.0003281261679137799,
        0.04205258515846969
      ],
      "T_base_to_ee": [
        [
          0.9991166397283986,
          -0.04198345847927111,
          -0.001824673108453575,
          0.2534059080047777
        ],
        [
          0.041949873395447035,
          0.9938731470071139,
          0.10225642170681369,
          0.010521856761479704
        ],
        [
          -0.0024795846304088405,
          -0.10224263725224948,
          0.9947563997219447,
          0.16267854582618904
        ],
        [
          0.0,
          0.0,
          0.0,
          1.0
        ]
      ],
      "timestamp": "2026-01-23T16:14:33.398312"
    },
    {
      "sample_index": 22,
      "opening_index": 7,
      "repeat": 1,
      "target_opening_m": 0.035,
      "actual_opening_m": 0.034998804330825806,
      "actual_opening_mm": 34.998804330825806,
      "rgb_file": "opening_07_34mm_rep_01_rgb.png",
      "depth_file": "opening_07_34mm_rep_01_depth.npy",
      "robot_cartesian": [
        0.2534059080047777,
        0.010521856761479704,
        0.16267854582618904,
        -0.10245886705104422,
        0.0003281261679137799,
        0.04205258515846969
      ],
      "T_base_to_ee": [
        [
          0.9991166397283986,
          -0.04198345847927111,
          -0.001824673108453575,
          0.2534059080047777
        ],
        [
          0.041949873395447035,
          0.9938731470071139,
          0.10225642170681369,
          0.010521856761479704
        ],
        [
          -0.0024795846304088405,
          -0.10224263725224948,
          0.9947563997219447,
          0.16267854582618904
        ],
        [
          0.0,
          0.0,
          0.0,
          1.0
        ]
      ],
      "timestamp": "2026-01-23T16:14:33.945098"
    },
    {
      "sample_index": 23,
      "opening_index": 7,
      "repeat": 2,
      "target_opening_m": 0.035,
      "actual_opening_m": 0.034998804330825806,
      "actual_opening_mm": 34.998804330825806,
      "rgb_file": "opening_07_34mm_rep_02_rgb.png",
      "depth_file": "opening_07_34mm_rep_02_depth.npy",
      "robot_cartesian": [
        0.2534059080047777,
        0.010521856761479704,
        0.16267854582618904,
        -0.10245886705104422,
        0.0003281261679137799,
        0.04205258515846969
      ],
      "T_base_to_ee": [
        [
          0.9991166397283986,
          -0.04198345847927111,
          -0.001824673108453575,
          0.2534059080047777
        ],
        [
          0.041949873395447035,
          0.9938731470071139,
          0.10225642170681369,
          0.010521856761479704
        ],
        [
          -0.0024795846304088405,
          -0.10224263725224948,
          0.9947563997219447,
          0.16267854582618904
        ],
        [
          0.0,
          0.0,
          0.0,
          1.0
        ]
      ],
      "timestamp": "2026-01-23T16:14:34.492849"
    },
    {
      "sample_index": 24,
      "opening_index": 8,
      "repeat": 0,
      "target_opening_m": 0.034,
      "actual_opening_m": 0.03399409353733063,
      "actual_opening_mm": 33.99409353733063,
      "rgb_file": "opening_08_33mm_rep_00_rgb.png",
      "depth_file": "opening_08_33mm_rep_00_depth.npy",
      "robot_cartesian": [
        0.2534059080047777,
        0.010521856761479704,
        0.16267854582618904,
        -0.10284028799539417,
        0.0003201061560395863,
        0.04205278423465244
      ],
      "T_base_to_ee": [
        [
          0.9991166397283986,
          -0.04198275935332344,
          -0.0018406887065248803,
          0.2534059080047777
        ],
        [
          0.04194987339544704,
          0.9938340662003498,
          0.10263555417975216,
          0.010521856761479704
        ],
        [
          -0.002479584630408843,
          -0.10262210666693512,
          0.9947173241093676,
          0.16267854582618904
        ],
        [
          0.0,
          0.0,
          0.0,
          1.0
        ]
      ],
      "timestamp": "2026-01-23T16:14:38.517492"
    },
    {
      "sample_index": 25,
      "opening_index": 8,
      "repeat": 1,
      "target_opening_m": 0.034,
      "actual_opening_m": 0.03399409353733063,
      "actual_opening_mm": 33.99409353733063,
      "rgb_file": "opening_08_33mm_rep_01_rgb.png",
      "depth_file": "opening_08_33mm_rep_01_depth.npy",
      "robot_cartesian": [
        0.2534059080047777,
        0.010521856761479704,
        0.16267854582618904,
        -0.10284028799539417,
        0.0003201061560395863,
        0.04205278423465244
      ],
      "T_base_to_ee": [
        [
          0.9991166397283986,
          -0.04198275935332344,
          -0.0018406887065248803,
          0.2534059080047777
        ],
        [
          0.04194987339544704,
          0.9938340662003498,
          0.10263555417975216,
          0.010521856761479704
        ],
        [
          -0.002479584630408843,
          -0.10262210666693512,
          0.9947173241093676,
          0.16267854582618904
        ],
        [
          0.0,
          0.0,
          0.0,
          1.0
        ]
      ],
      "timestamp": "2026-01-23T16:14:39.058832"
    },
    {
      "sample_index": 26,
      "opening_index": 8,
      "repeat": 2,
      "target_opening_m": 0.034,
      "actual_opening_m": 0.03399409353733063,
      "actual_opening_mm": 33.99409353733063,
      "rgb_file": "opening_08_33mm_rep_02_rgb.png",
      "depth_file": "opening_08_33mm_rep_02_depth.npy",
      "robot_cartesian": [
        0.2534059080047777,
        0.010521856761479704,
        0.16267854582618904,
        -0.10284028799539417,
        0.0003201061560395863,
        0.04205278423465244
      ],
      "T_base_to_ee": [
        [
          0.9991166397283986,
          -0.04198275935332344,
          -0.0018406887065248803,
          0.2534059080047777
        ],
        [
          0.04194987339544704,
          0.9938340662003498,
          0.10263555417975216,
          0.010521856761479704
        ],
        [
          -0.002479584630408843,
          -0.10262210666693512,
          0.9947173241093676,
          0.16267854582618904
        ],
        [
          0.0,
          0.0,
          0.0,
          1.0
        ]
      ],
      "timestamp": "2026-01-23T16:14:39.579883"
    },
    {
      "sample_index": 27,
      "opening_index": 9,
      "repeat": 0,
      "target_opening_m": 0.033,
      "actual_opening_m": 0.03300273418426514,
      "actual_opening_mm": 33.00273418426514,
      "rgb_file": "opening_09_33mm_rep_00_rgb.png",
      "depth_file": "opening_09_33mm_rep_00_depth.npy",
      "robot_cartesian": [
        0.2534059080047777,
        0.010521856761479704,
        0.16267854582618904,
        -0.10284028799539417,
        0.0003201061560395863,
        0.04205278423465244
      ],
      "T_base_to_ee": [
        [
          0.9991166397283986,
          -0.04198275935332344,
          -0.0018406887065248803,
          0.2534059080047777
        ],
        [
          0.04194987339544704,
          0.9938340662003498,
          0.10263555417975216,
          0.010521856761479704
        ],
        [
          -0.002479584630408843,
          -0.10262210666693512,
          0.9947173241093676,
          0.16267854582618904
        ],
        [
          0.0,
          0.0,
          0.0,
          1.0
        ]
      ],
      "timestamp": "2026-01-23T16:14:43.608494"
    },
    {
      "sample_index": 28,
      "opening_index": 9,
      "repeat": 1,
      "target_opening_m": 0.033,
      "actual_opening_m": 0.03300273418426514,
      "actual_opening_mm": 33.00273418426514,
      "rgb_file": "opening_09_33mm_rep_01_rgb.png",
      "depth_file": "opening_09_33mm_rep_01_depth.npy",
      "robot_cartesian": [
        0.2534059080047777,
        0.010521856761479704,
        0.16267854582618904,
        -0.10284028799539417,
        0.0003201061560395863,
        0.04205278423465244
      ],
      "T_base_to_ee": [
        [
          0.9991166397283986,
          -0.04198275935332344,
          -0.0018406887065248803,
          0.2534059080047777
        ],
        [
          0.04194987339544704,
          0.9938340662003498,
          0.10263555417975216,
          0.010521856761479704
        ],
        [
          -0.002479584630408843,
          -0.10262210666693512,
          0.9947173241093676,
          0.16267854582618904
        ],
        [
          0.0,
          0.0,
          0.0,
          1.0
        ]
      ],
      "timestamp": "2026-01-23T16:14:44.145243"
    },
    {
      "sample_index": 29,
      "opening_index": 9,
      "repeat": 2,
      "target_opening_m": 0.033,
      "actual_opening_m": 0.03300273418426514,
      "actual_opening_mm": 33.00273418426514,
      "rgb_file": "opening_09_33mm_rep_02_rgb.png",
      "depth_file": "opening_09_33mm_rep_02_depth.npy",
      "robot_cartesian": [
        0.2534059080047777,
        0.010521856761479704,
        0.16267854582618904,
        -0.10284028799539417,
        0.0003201061560395863,
        0.04205278423465244
      ],
      "T_base_to_ee": [
        [
          0.9991166397283986,
          -0.04198275935332344,
          -0.0018406887065248803,
          0.2534059080047777
        ],
        [
          0.04194987339544704,
          0.9938340662003498,
          0.10263555417975216,
          0.010521856761479704
        ],
        [
          -0.002479584630408843,
          -0.10262210666693512,
          0.9947173241093676,
          0.16267854582618904
        ],
        [
          0.0,
          0.0,
          0.0,
          1.0
        ]
      ],
      "timestamp": "2026-01-23T16:14:44.668550"
    },
    {
      "sample_index": 30,
      "opening_index": 10,
      "repeat": 0,
      "target_opening_m": 0.032,
      "actual_opening_m": 0.03199468553066254,
      "actual_opening_mm": 31.994685530662537,
      "rgb_file": "opening_10_31mm_rep_00_rgb.png",
      "depth_file": "opening_10_31mm_rep_00_depth.npy",
      "robot_cartesian": [
        0.2534059080047777,
        0.010521856761479704,
        0.16267854582618904,
        -0.10245886705104422,
        0.0003281261679137799,
        0.04205258515846969
      ],
      "T_base_to_ee": [
        [
          0.9991166397283986,
          -0.04198345847927111,
          -0.001824673108453575,
          0.2534059080047777
        ],
        [
          0.041949873395447035,
          0.9938731470071139,
          0.10225642170681369,
          0.010521856761479704
        ],
        [
          -0.0024795846304088405,
          -0.10224263725224948,
          0.9947563997219447,
          0.16267854582618904
        ],
        [
          0.0,
          0.0,
          0.0,
          1.0
        ]
      ],
      "timestamp": "2026-01-23T16:14:48.695601"
    },
    {
      "sample_index": 31,
      "opening_index": 10,
      "repeat": 1,
      "target_opening_m": 0.032,
      "actual_opening_m": 0.03199468553066254,
      "actual_opening_mm": 31.994685530662537,
      "rgb_file": "opening_10_31mm_rep_01_rgb.png",
      "depth_file": "opening_10_31mm_rep_01_depth.npy",
      "robot_cartesian": [
        0.2534059080047777,
        0.010521856761479704,
        0.16267854582618904,
        -0.10245886705104422,
        0.0003281261679137799,
        0.04205258515846969
      ],
      "T_base_to_ee": [
        [
          0.9991166397283986,
          -0.04198345847927111,
          -0.001824673108453575,
          0.2534059080047777
        ],
        [
          0.041949873395447035,
          0.9938731470071139,
          0.10225642170681369,
          0.010521856761479704
        ],
        [
          -0.0024795846304088405,
          -0.10224263725224948,
          0.9947563997219447,
          0.16267854582618904
        ],
        [
          0.0,
          0.0,
          0.0,
          1.0
        ]
      ],
      "timestamp": "2026-01-23T16:14:49.232670"
    },
    {
      "sample_index": 32,
      "opening_index": 10,
      "repeat": 2,
      "target_opening_m": 0.032,
      "actual_opening_m": 0.03199468553066254,
      "actual_opening_mm": 31.994685530662537,
      "rgb_file": "opening_10_31mm_rep_02_rgb.png",
      "depth_file": "opening_10_31mm_rep_02_depth.npy",
      "robot_cartesian": [
        0.2534059080047777,
        0.010521856761479704,
        0.16267854582618904,
        -0.10245886705104422,
        0.0003281261679137799,
        0.04205258515846969
      ],
      "T_base_to_ee": [
        [
          0.9991166397283986,
          -0.04198345847927111,
          -0.001824673108453575,
          0.2534059080047777
        ],
        [
          0.041949873395447035,
          0.9938731470071139,
          0.10225642170681369,
          0.010521856761479704
        ],
        [
          -0.0024795846304088405,
          -0.10224263725224948,
          0.9947563997219447,
          0.16267854582618904
        ],
        [
          0.0,
          0.0,
          0.0,
          1.0
        ]
      ],
      "timestamp": "2026-01-23T16:14:49.780864"
    },
    {
      "sample_index": 33,
      "opening_index": 11,
      "repeat": 0,
      "target_opening_m": 0.031,
      "actual_opening_m": 0.03099331259727478,
      "actual_opening_mm": 30.99331259727478,
      "rgb_file": "opening_11_30mm_rep_00_rgb.png",
      "depth_file": "opening_11_30mm_rep_00_depth.npy",
      "robot_cartesian": [
        0.2534059080047777,
        0.010521856761479704,
        0.16267854582618904,
        -0.10284028799539417,
        0.0003201061560395863,
        0.04205278423465244
      ],
      "T_base_to_ee": [
        [
          0.9991166397283986,
          -0.04198275935332344,
          -0.0018406887065248803,
          0.2534059080047777
        ],
        [
          0.04194987339544704,
          0.9938340662003498,
          0.10263555417975216,
          0.010521856761479704
        ],
        [
          -0.002479584630408843,
          -0.10262210666693512,
          0.9947173241093676,
          0.16267854582618904
        ],
        [
          0.0,
          0.0,
          0.0,
          1.0
        ]
      ],
      "timestamp": "2026-01-23T16:14:53.844290"
    },
    {
      "sample_index": 34,
      "opening_index": 11,
      "repeat": 1,
      "target_opening_m": 0.031,
      "actual_opening_m": 0.03099331259727478,
      "actual_opening_mm": 30.99331259727478,
      "rgb_file": "opening_11_30mm_rep_01_rgb.png",
      "depth_file": "opening_11_30mm_rep_01_depth.npy",
      "robot_cartesian": [
        0.2534059080047777,
        0.010521856761479704,
        0.16267854582618904,
        -0.10284028799539417,
        0.0003201061560395863,
        0.04205278423465244
      ],
      "T_base_to_ee": [
        [
          0.9991166397283986,
          -0.04198275935332344,
          -0.0018406887065248803,
          0.2534059080047777
        ],
        [
          0.04194987339544704,
          0.9938340662003498,
          0.10263555417975216,
