{
  "R_gripper2base": [
    [
      [
        -0.8089643042130668,
        0.26148386578905863,
        -0.5265006575884577
      ],
      [
        -0.2214985567663872,
        -0.9651989312473965,
        -0.13903025738770308
      ],
      [
        -0.5445320411688153,
        0.004148620360190411,
        0.8387297807337175
      ]
    ],
    [
      [
        -0.8319794571885466,
        -0.11133539819191084,
        -0.543520571759432
      ],
      [
        0.09218410796288874,
        -0.9937811465290792,
        0.06245897087236617
      ],
      [
        -0.5470943913579609,
        0.0018606216158239507,
        0.8370688532204893
      ]
    ],
    [
      [
        -0.6658270031694065,
        0.6221603990470894,
        -0.41181408391167695
      ],
      [
        -0.46206984413221996,
        -0.7772140361006187,
        -0.42711801791988613
      ],
      [
        -0.5858036027493115,
        -0.09409984030673302,
        0.8049716510910021
      ]
    ],
    [
      [
        -0.6483655506557406,
        0.18755943538538822,
        -0.7378641954457423
      ],
      [
        -0.09367083440018771,
        -0.9814678423103204,
        -0.167172513570553
      ],
      [
        -0.7555447620794222,
        -0.03927254395424998,
        0.6539187868426096
      ]
    ],
    [
      [
        -0.5659186986672964,
        -0.2485653659311709,
        0.7860987758279595
      ],
      [
        -0.10791026444208716,
        0.96759906127207,
        0.22827052252414604
      ],
      [
        -0.8173685835207715,
        0.04435443027377234,
        -0.5744051559555646
      ]
    ],
    [
      [
        -0.7434464981643567,
        0.3402950731794252,
        0.5757487017240811
      ],
      [
        -0.31963441177245544,
        0.5754030391800886,
        -0.7528248038642152
      ],
      [
        -0.587470124498286,
        -0.7437140617684511,
        -0.31901135896679456
      ]
    ],
    [
      [
        -0.6777756843388021,
        -0.15841199379656662,
        -0.7180012269769911
      ],
      [
        -0.18691834348218872,
        -0.9073117215892228,
        0.3766257727993068
      ],
      [
        -0.711112968935979,
        0.3894753908633986,
        0.5853437155405866
      ]
    ],
    [
      [
        -0.6170982270926637,
        0.7826658975746612,
        0.08138716663418993
      ],
      [
        -0.13563758193258474,
        -0.00391905840480089,
        -0.9907507695423211
      ],
      [
        -0.7751078792571862,
        -0.6224297018578645,
        0.10857735380159861
      ]
    ],
    [
      [
        -0.6506563555120365,
        -0.32100852721504614,
        -0.688185899657223
      ],
      [
        0.24320067114586622,
        -0.9466111606742094,
        0.21161461206926696
      ],
      [
        -0.7193745481916876,
        -0.029678880407675676,
        0.6939880571535453
      ]
    ],
    [
      [
        -0.3098569727529535,
        0.6281322632025015,
        -0.7137496174152943
      ],
      [
        -0.3799943588795966,
        -0.7699483537118603,
        -0.5126244432682473
      ],
      [
        -0.8715462946143825,
        0.11238057012001476,
        0.4772605827045018
      ]
    ],
    [
      [
        -0.28531712068848825,
        0.6712827794001859,
        -0.6840859381121587
      ],
      [
        -0.09145780090766276,
        -0.7295664759759846,
        -0.6777670896297026
      ],
      [
        -0.9540595428458147,
        -0.1308135589789698,
        0.2695518530674399
      ]
    ],
    [
      [
        -0.49344499964094635,
        -0.2739946712093101,
        -0.825493157135932
      ],
      [
        -0.3963290482595174,
        -0.7739983748184099,
        0.4938115037989347
      ],
      [
        -0.7742320826696937,
        0.5708357346271887,
        0.27333358051579826
      ]
    ],
    [
      [
        -0.2634635366646987,
        -0.964569650905849,
        0.01386915280388068
      ],
      [
        -0.23008046126123544,
        0.07679361435197807,
        0.9701369605063901
      ],
      [
        -0.93682973169832,
        0.25240469358973533,
        -0.24216094742944355
      ]
    ],
    [
      [
        -0.4840212620265704,
        -0.7279186762707082,
        0.48565195216585527
      ],
      [
        -0.28980264711372894,
        0.6570203862832057,
        0.6959444214404936
      ],
      [
        -0.8256741752241508,
        0.19610867585236427,
        -0.5289645958127545
      ]
    ],
    [
      [
        -0.29974983039019915,
        0.9425675088571476,
        -0.14736529587347974
      ],
      [
        -0.32498308850852287,
        -0.2461128222749659,
        -0.9131344210439736
      ],
      [
        -0.8969593253679393,
        -0.22582065883944819,
        0.38009077688995463
      ]
    ]
  ],
  "t_gripper2base": [
    [
      [
        -0.2397595768052835
      ],
      [
        -0.06514157167442126
      ],
      [
        0.02666080171087719
      ]
    ],
    [
      [
        -0.1301714972922015
      ],
      [
        0.014417645168374705
      ],
      [
        0.15743600609786917
      ]
    ],
    [
      [
        -0.050370241291935125
      ],
      [
        -0.028853451440045003
      ],
      [
        0.22056181999346613
      ]
    ],
    [
      [
        -0.14329206835966002
      ],
      [
        -0.020183020510324362
      ],
      [
        0.305104289946843
      ]
    ],
    [
      [
        -0.1988862009791888
      ],
      [
        -0.051536633482871276
      ],
      [
        0.31830465618206705
      ]
    ],
    [
      [
        -0.1311624838857334
      ],
      [
        -0.060700379675456245
      ],
      [
        0.3465638799867242
      ]
    ],
    [
      [
        -0.10787964923488552
      ],
      [
        -0.03639189599793904
      ],
      [
        0.273560291530701
      ]
    ],
    [
      [
        -0.16478948553036643
      ],
      [
        -0.02335850417841825
      ],
      [
        0.23481892650287264
      ]
    ],
    [
      [
        -0.13571646115299524
      ],
      [
        0.04200408270659492
      ],
      [
        0.29432369122095425
      ]
    ],
    [
      [
        -0.12949805497459566
      ],
      [
        -0.1447127271553029
      ],
      [
        0.28292406229600264
      ]
    ],
    [
      [
        -0.20649546344760436
      ],
      [
        -0.13321278067928236
      ],
      [
        0.24527732772997982
      ]
    ],
    [
      [
        -0.21379656392672824
      ],
      [
        -0.12690847412517003
      ],
      [
        0.3564779311246909
      ]
    ],
    [
      [
        -0.12809037587263428
      ],
      [
        -0.04054309901359255
      ],
      [
        0.18173718074430645
      ]
    ],
    [
      [
        -0.11666054231526557
      ],
      [
        -0.09308379585425183
      ],
      [
        0.262554029275308
      ]
    ],
    [
      [
        -0.0821042871016387
      ],
      [
        -0.0904281214866967
      ],
      [
        0.2079860477913134
      ]
    ]
  ],
  "R_target2cam": [
    [
      [
        0.1290573877310954,
        0.9914101080892718,
        0.02121764007716473
      ],
      [
        -0.8725367296828562,
        0.10336401161277989,
        0.47748878149927176
      ],
      [
        0.47119406408227593,
        -0.08013662509571703,
        0.8783816228108922
      ]
    ],
    [
      [
        0.3186290387753382,
        -0.9465730179368091,
        -0.0497499483728899
      ],
      [
        0.8168090904861868,
        0.24756127305893236,
        0.5210914754441575
      ],
      [
        -0.48093496997851193,
        -0.2066710860169897,
        0.8520496563324964
      ]
    ],
    [
      [
        0.5525103390349299,
        0.8334522030292066,
        -0.009473675383329883
      ],
      [
        -0.743914646277344,
        0.49821693156678215,
        0.44538846881597
      ],
      [
        0.37592994601861773,
        -0.23903412803602359,
        0.8952873065784508
      ]
    ],
    [
      [
        0.02783362176693996,
        0.9993943768605923,
        -0.020884659412198817
      ],
      [
        -0.9622546075994506,
        0.03244592029500408,
        0.27020979332703254
      ],
      [
        0.2707237700183756,
        0.012575442562345912,
        0.962574931416458
      ]
    ],
    [
      [
        -0.06440489332347615,
        0.9705191388412375,
        0.2322597917394537
      ],
      [
        -0.5030843627098731,
        0.16942632064533245,
        -0.8474673125669132
      ],
      [
        -0.8618341683368052,
        -0.17142731117137605,
        0.47734111835432724
      ]
    ],
    [
      [
        0.45608612076955624,
        -0.5382584471766767,
        -0.7087053650737594
      ],
      [
        0.05714240027831036,
        0.812424880222177,
        -0.5802590456739256
      ],
      [
        0.8880992042175306,
        0.22415097153243466,
        0.40129309167895544
      ]
    ],
    [
      [
        0.31816069264164853,
        -0.8620742106328166,
        0.3944639768338707
      ],
      [
        0.8883244443485508,
        0.41642361217938995,
        0.19357442184417656
      ],
      [
        -0.33113963101783006,
        0.28882422090481796,
        0.8982912190309443
      ]
    ],
    [
      [
        0.8750657644255434,
        0.19629307747970093,
        -0.44241263054289864
      ],
      [
        -0.313821210652643,
        0.9259982244163414,
        -0.20986551913616575
      ],
      [
        0.3684781617339739,
        0.32248459825444536,
        0.8719102753229946
      ]
    ],
    [
      [
        0.5095477926549995,
        -0.855517456490652,
        -0.09192893255217707
      ],
      [
        0.8196835164419927,
        0.45013931450274686,
        0.35425066042604136
      ],
      [
        -0.26168679728581434,
        -0.25586027276379253,
        0.9306210512058765
      ]
    ],
    [
      [
        0.4965909805974857,
        0.8609133613685772,
        0.11056935473396401
      ],
      [
        -0.8673525501940457,
        0.4873258755514338,
        0.10105960958718375
      ],
      [
        0.03312026058341235,
        -0.14608790242551242,
        0.988717033889778
      ]
    ],
    [
      [
        0.5406376989973783,
        0.8394274654449297,
        -0.055429312457593735
      ],
      [
        -0.8411780004748465,
        0.5385186054520158,
        -0.049165873318342754
      ],
      [
        -0.011421468380175517,
        0.07320684284079962,
        0.997251376645489
      ]
    ],
    [
      [
        0.5514999955185931,
        -0.787068071279154,
        0.27635413171491435
      ],
      [
        0.8319231107868603,
        0.543277195117872,
        -0.1129328428915653
      ],
      [
        -0.06125106269857755,
        0.2921878512836735,
        0.9543974889324285
      ]
    ],
    [
      [
        0.9715209560712212,
        0.20652688456263732,
        0.11616229107292692
      ],
      [
        -0.13176478760678598,
        0.8783169083012559,
        -0.4595622366329309
      ],
      [
        -0.19693926135080048,
        0.431168243896712,
        0.8805162535658423
      ]
    ],
    [
      [
        0.6280334297199038,
        0.7605815781234375,
        0.16458941087905948
      ],
      [
        -0.36604963645544836,
        0.4753798606189525,
        -0.8000135322410111
      ],
      [
        -0.6867180460750166,
        0.4421873484589609,
        0.576965054451086
      ]
    ],
    [
      [
        0.915119900706726,
        0.38790342682223283,
        -0.1099386137354866
      ],
      [
        -0.384121949927373,
        0.9216677146889838,
        0.054579769915039635
      ],
      [
        0.12249855066287374,
        -0.0077171989448596295,
        0.9924386882452441
      ]
    ]
  ],
  "t_target2cam": [
    [
      [
        -0.07612686329565597
      ],
      [
        -0.021142849616897157
      ],
      [
        0.11057591756741988
      ]
    ],
    [
      [
        -0.04622891775422345
      ],
      [
        -0.1325637961337902
      ],
      [
        0.2757033824292285
      ]
    ],
    [
      [
        0.05201444670200306
      ],
      [
        -0.08823654397784969
      ],
      [
        0.2914622852642718
      ]
    ],
    [
      [
        -0.10149219846029754
      ],
      [
        -0.03096029811725082
      ],
      [
        0.2774882676272702
      ]
    ],
    [
      [
        -0.004953538890913607
      ],
      [
        -0.10833425990792467
      ],
      [
        0.35404333278595385
      ]
    ],
    [
      [
        -0.07570458451177069
      ],
      [
        -0.1885495411834336
      ],
      [
        0.2304976756711012
      ]
    ],
    [
      [
        0.0961896765829324
      ],
      [
        -0.19900114428683835
      ],
      [
        0.29746332442104995
      ]
    ],
    [
      [
        -0.009042735413224
      ],
      [
        -0.18751795674753927
      ],
      [
        0.20032916544917262
      ]
    ],
    [
      [
        -0.14071928068224604
      ],
      [
        -0.10440169451261672
      ],
      [
        0.306568396507051
      ]
    ],
    [
      [
        0.1342815967960625
      ],
      [
        -0.07773743685543709
      ],
      [
        0.24654927854581385
      ]
    ],
    [
      [
        0.019216302324636055
      ],
      [
        -0.08727829665045245
      ],
      [
        0.2110881728143445
      ]
    ],
    [
      [
        0.2553644695998735
      ],
      [
        -0.22422213018117135
      ],
      [
        0.24848041849818286
      ]
    ],
    [
      [
        -0.232797837306036
      ],
      [
        -0.09706788219511743
      ],
      [
        0.19687390745576797
      ]
    ],
    [
      [
        -0.18017610447318202
      ],
      [
        -0.11139859242823288
      ],
      [
        0.28432390667132046
      ]
    ],
    [
      [
        0.1566757700790608
      ],
      [
        -0.10169394695712906
      ],
      [
        0.21487471171413552
      ]
    ]
  ],
  "num_poses": 15
}