{
  "description": "X verification data for eye-in-hand calibration",
  "calibration_type": "eye-in-hand",
  "parent_frame": "ee_gripper_link",
  "child_frame": "camera_color_optical_frame",
  "checkerboard": {
    "size": [
      8,
      6
    ],
    "square_size_m": 0.025
  },
  "num_poses": 4,
  "poses": [
    {
      "pose_id": 1,
      "timestamp": "20260122_155657",
      "image_file": "pose_001.png",
      "robot": {
        "joint_positions": [
          -2.8646905422210693,
          0.5601968169212341,
          1.2701228857040405,
          -1.571107029914856,
          -0.01201647985726595,
          -0.04749370738863945,
          0.0
        ],
        "cartesian_xyz_rpy": [
          -0.10302081036669532,
          -0.03159002898342033,
          0.2572290284724412,
          1.1856654798622372,
          0.22082156395332328,
          -2.592659612699557
        ],
        "T_gripper2base": [
          [
            -0.6233926052836098,
            0.315215262176347,
            -0.7155564255660137,
            -0.10302081036669532
          ],
          [
            -0.18966225858587038,
            -0.9487691571438159,
            -0.25271587627357217,
            -0.03159002898342033
          ],
          [
            -0.7585577679688079,
            -0.02182716068823007,
            0.6512401152497208,
            0.2572290284724412
          ],
          [
            0.0,
            0.0,
            0.0,
            1.0
          ]
        ]
      },
      "checkerboard": {
        "rvec": [
          -0.35048210755359127,
          -0.024665183029213698,
          0.1412574852867228
        ],
        "tvec": [
          -0.06867282738824515,
          -0.21789866707192418,
          0.4625027055046595
        ],
        "T_target2cam": [
          [
            0.9898412480695918,
            -0.13363461396755916,
            -0.048539608257320344,
            -0.06867282738824515
          ],
          [
            0.14217650777590124,
            0.9294534168881298,
            0.34044410183116625,
            -0.21789866707192418
          ],
          [
            -0.00037981137656262556,
            -0.3438868066453289,
            0.9390110329269813,
            0.4625027055046595
          ],
          [
            0.0,
            0.0,
            0.0,
            1.0
          ]
        ]
      },
      "camera_matrix": [
        [
          385.4389953613281,
          0.0,
          316.2204895019531
        ],
        [
          0.0,
          384.87786865234375,
          240.33718872070312
        ],
        [
          0.0,
          0.0,
          1.0
        ]
      ],
      "dist_coeffs": [
        -0.05274650454521179,
        0.05903208255767822,
        -0.00027341238455846906,
        0.0007520649232901633,
        -0.018650885671377182
      ]
    },
    {
      "pose_id": 2,
      "timestamp": "20260122_155716",
      "image_file": "pose_002.png",
      "robot": {
        "joint_positions": [
          3.091287136077881,
          -0.00019073777366429567,
          0.6734950542449951,
          -1.2724117040634155,
          -0.02040894143283367,
          -0.1516365259885788,
          0.0
        ],
        "cartesian_xyz_rpy": [
          -0.11884488330614754,
          0.0022031822744683687,
          0.16075709602970412,
          0.9219137660846952,
          0.19370034159117047,
          -2.980076038782028
        ],
        "T_gripper2base": [
          [
            -0.8258637098658408,
            0.05197232402193901,
            -0.5614695096462398,
            -0.11884488330614754
          ],
          [
            0.021147208456721682,
            -0.9921878941062545,
            -0.12294705512326715,
            0.0022031822744683687
          ],
          [
            -0.5634730945671836,
            -0.11341102382376378,
            0.8183129055404953,
            0.16075709602970412
          ],
          [
            0.0,
            0.0,
            0.0,
            1.0
          ]
        ]
      },
      "checkerboard": {
        "rvec": [
          -0.5896417798041556,
          -0.17609720969518852,
          -0.09459800954502705
        ],
        "tvec": [
          -0.20235458705825912,
          -0.15282732960371267,
          0.38611341607524124
        ],
        "T_target2cam": [
          [
            0.9806576114985168,
            0.1388653457688941,
            -0.13793862676752086,
            -0.20235458705825912
          ],
          [
            -0.03834219478135213,
            0.8273730349092141,
            0.560342517755404,
            -0.15282732960371267
          ],
          [
            0.19193885773696998,
            -0.5442152853876872,
            0.8166940663681996,
            0.38611341607524124
          ],
          [
            0.0,
            0.0,
            0.0,
            1.0
          ]
        ]
      },
      "camera_matrix": [
        [
          385.4389953613281,
          0.0,
          316.2204895019531
        ],
        [
          0.0,
          384.87786865234375,
          240.33718872070312
        ],
        [
          0.0,
          0.0,
          1.0
        ]
      ],
      "dist_coeffs": [
        -0.05274650454521179,
        0.05903208255767822,
        -0.00027341238455846906,
        0.0007520649232901633,
        -0.018650885671377182
      ]
    },
    {
      "pose_id": 3,
      "timestamp": "20260122_155734",
      "image_file": "pose_003.png",
      "robot": {
        "joint_positions": [
          -2.320706605911255,
          0.41256579756736755,
          1.1701762676239014,
          -1.571107029914856,
          0.4060807228088379,
          -0.21839475631713867,
          0.0
        ],
        "cartesian_xyz_rpy": [
          -0.10678295172354721,
          -0.007418866089348886,
          0.2485567176424237,
          0.8309054500684468,
          0.8955440038393548,
          -2.398068872359469
        ],
        "T_gripper2base": [
          [
            -0.7191874708772972,
            0.5830279913778057,
            -0.37795203796656285,
            -0.10678295172354721
          ],
          [
            -0.1925745332936365,
            -0.6899091451125778,
            -0.6978111640098417,
            -0.007418866089348886
          ],
          [
            -0.6675960087207344,
            -0.4290731088753912,
            0.6084503565453403,
            0.2485567176424237
          ],
          [
            0.0,
            0.0,
            0.0,
            1.0
          ]
        ]
      },
      "checkerboard": {
        "rvec": [
          -0.4765574477407613,
          -0.35197330912287045,
          0.5936783029281796
        ],
        "tvec": [
          -0.05930162931623739,
          -0.22315361283283303,
          0.464346975418161
        ],
        "T_target2cam": [
          [
            0.7754687585052402,
            -0.44741713684100115,
            -0.44549535378423655,
            -0.05930162931623739
          ],
          [
            0.6055475842315663,
            0.7268132629301827,
            0.3241212798631018,
            -0.22315361283283303
          ],
          [
            0.17877451667856722,
            -0.5211145617710006,
            0.834553345027484,
            0.464346975418161
          ],
          [
            0.0,
            0.0,
            0.0,
            1.0
          ]
        ]
      },
      "camera_matrix": [
        [
          385.4389953613281,
          0.0,
          316.2204895019531
        ],
        [
          0.0,
          384.87786865234375,
          240.33718872070312
        ],
        [
          0.0,
          0.0,
          1.0
        ]
      ],
      "dist_coeffs": [
        -0.05274650454521179,
        0.05903208255767822,
        -0.00027341238455846906,
        0.0007520649232901633,
        -0.018650885671377182
      ]
    },
    {
      "pose_id": 4,
      "timestamp": "20260122_155819",
      "image_file": "pose_005.png",
      "robot": {
        "joint_positions": [
          3.1412603855133057,
          -0.00019073777366429567,
          0.770008385181427,
          -1.1804760694503784,
          -0.17071031033992767,
          -1.6802090406417847,
          0.0
        ],
        "cartesian_xyz_rpy": [
          -0.11940719275787882,
          -0.031390604938955985,
          0.21735928529593668,
          0.20448211333078012,
          1.9910368974398334,
          -1.8493720696588276
        ],
        "T_gripper2base": [
          [
            -0.903737445279483,
            0.37950324296863863,
            0.1980805860653687,
            -0.11940719275787882
          ],
          [
            -0.16958210364328202,
            0.1074812403142058,
            -0.9796375314903157,
            -0.031390604938955985
          ],
          [
            -0.3930655672068373,
            -0.9189260424848164,
            -0.032777863254960904,
            0.21735928529593668
          ],
          [
            0.0,
            0.0,
            0.0,
            1.0
          ]
        ]
      },
      "checkerboard": {
        "rvec": [
          -0.580817907300815,
          -1.1271034896184295,
          1.2137863734128065
        ],
        "tvec": [
          -0.05138694338861218,
          -0.2264750345167368,
          0.41525340724487003
        ],
        "T_target2cam": [
          [
            -0.05385498024280036,
            -0.4283210617439039,
            -0.902020348534124,
            -0.05138694338861218
          ],
          [
            0.9312279355260862,
            0.3045230696814225,
            -0.20020047983865324,
            -0.2264750345167368
          ],
          [
            0.36043608753684886,
            -0.8507683398542629,
            0.38246445416894714,
            0.41525340724487003
          ],
          [
            0.0,
            0.0,
            0.0,
            1.0
          ]
        ]
      },
      "camera_matrix": [
        [
          385.4389953613281,
          0.0,
          316.2204895019531
        ],
        [
          0.0,
          384.87786865234375,
          240.33718872070312
        ],
        [
          0.0,
          0.0,
          1.0
        ]
      ],
      "dist_coeffs": [
        -0.05274650454521179,
        0.05903208255767822,
        -0.00027341238455846906,
        0.0007520649232901633,
        -0.018650885671377182
      ]
    }
  ]
}